54
63
116
119
176
180
182
227
245
253
257
262
370
417
434
491
502
504
527
560
593
594
597
611
627
633
653
657
686
749
760
771
815
821
827
844
856
859
860
876
922
952
953
1014
1094
1118
1127
1141
1195
1206
1221
1226
1245
1302
1376
1453
1934
2066
2200
2232
2254
2301
2305
2311
2349
2352
2355
2377
2466
2471
2476
2504
2547
2548
2598
2602
2615
2620
2636
2715
2758
2789
2828
2894
2970
2998
3044
3072
3199
3219
3221
3240
3247
3254
3305
3308
3363
3392
3400
3403
3446
3463
3466
3544
3625
3642
3679
3701
3730
3773
3859
3864
3916
3932
3958
4023
4037
4057
4131
4136
4217
4259
4264
4269
4302
4392
4440
4495
4542
4574
4593
4627
4746
4767
4788
4796
4825
4856
4934
4991
5059
5062
5214
5234
5253
5254
5285
5360
5383
5460
5568
5589
5611
5617
5652
5668
5693
5695
5698
5708
5722
5724
5727
5735
5806
5825
5854
5856
5908
5916
5946
5949
5975
5976
6011
6013
6070
6076
6078
6087
6100
6110
6114
6124
6155
6165
6169
6184
6198
6199
6211
6251
6318
6335
6346
6354
6375
6404
6426
6442
6485
6491
6498
6514
6540
6541
6544
6556
6582
6587
6589
6591
6662
6696
6701
6703
6738
6742
6767
6768
6788
6833
6883
6884
6916
6948
6955
7005
7011
7013
7019
7040
7090
7134
7140
7156
7314
7318
7342
7348
7390
7396
7412
7418
7457
7488
7514
7532
7618
7631
7640
7649
7655
7663
7686
7699
7712
7715
7718
7723
7807
7834
7840
7844
7894
7899
7918
7940
7963
8000
8022
8036
8041
8045
8100
8112
8144
8155
8171
8174
8181
8184
8219
8244
8311
8313
8322
8357
8445
8511
8517
8521
8553
8560
8634
8642
8681
8708
8716
8808
8815
8821
8855
8906
8959
8964
8979
8981
8983
9016
9019
9038
9051
9053
9054
9124
9164
9191
9204
9209
9217
9231
9239
9249
9275
9279
9312
9339
9398
9402
9422
9438
9499
9518
9529
9560
9594
9608
9621
9635
9650
9657
9680
9681
9688
9716
9720
9730
9739
9775
9777
9787
9809
9810
9820
9821
9843
9896
9910
9915
9928
9940
9947
9952
9967
9969
9971
9993
10013
10066
10068
10070
10143
10148
10152
10165
10224
10231
10272
10291
10331
10348
10356
10361
10403
10436
10456
10457
10469
10477
10483
10488
10710
10750
10861
10875
10907
10911
10930
10950
10959
10980
10995
11000
11056
11072
11080
11087
11143
11179
11193
11208
11233
11312
11321
11325
11352
11367
11376
11385
11403
11445
11453
11459
11511
11537
11559
11572
11601
11604
11609
11648
11657
11658
11683
11692
11707
11712
11725
11747
11763
11772
11782
11785
11821
11823
11827
11854
11877
11902
11907
11956
11974
11979
12018
12036
12058
12093
12112
12113
12160
12166
12177
12220
14472
14475
14482
14483
14535
14544
14551
14556
14569
14583
14625
14688
14697
14721
14747
14769
14806
14811
14812
14820
14828
14836
14866
14901
14961
14963
14968
15023
15034
15041
15065
15092
15189
15215
15239
15263
15285
15339
15378
15381
15390
15407
15409
15429
15459
15477
15526
15554
15560
15668
15719
15723
15745
15746
15750
15773
15881
15909
15954
15990
16019
16024
16044
16055
16110
16119
16127
16129
16146
16161
16170
16233
16239
16256
16268
16272
16279
16287
16294
16300
16354
16355
16372
16374
16400
16430
16446
16451
16503
16528
16536
16549
16581
16593
16594
16638
16661
16663
16691
16696
16712
16718
16721
16766
16802
16818
16856
16888
16922
16940
16949
16981
17009
17015
17033
17048
17121
17131
17174
17207
17219
17225
17236
17255
17279
17287
17295
17303
17344
17401
17410
17416
17444
17473
17478
17483
17562
17610
17616
17625
17664
17665
17675
17688
17705
17722
17723
17734
17774
17790
17803
17809
17902
17903
17904
17909
17956
17975
18010
18027
18050
18156
18172
18174
18192
18196
18209
18222
18248
18249
18277
18282
18373
18391
18394
18396
18398
18403
18405
18430
18455
18465
18532
18545
18566
18567
18613
18614
18638
18659
18662
18669
18705
18727
18743
18750
18779
18847
18848
18857
18887
18893
18925
18936
18967
18984
19001
19032
19038
19049
19071
19077
19132
19138
19163
19170
19180
19184
19190
19213
19231
19246
19278
19287
19344
19353
19390
19412
19466
19469
19497
19536
19555
19603
19666
19710
19718
19730
19743
19751
19768
19795
19798
19802
19825
19841
19850
19870
19898
19973
20005
20020
20071
20077
20078
20117
20132
20150
20153
20160
20181
20186
20188
20199
20209
20221
20256
20277
20287
20296
20304
20340
20370
20406
20416
20449
20468
20498
20511
20512
20569
20571
20579
20592
20649
20656
20660
20667
20682
20694
20697
20716
20735
20754
20765
20797
20802
20830
20843
20845
20879
20883
20902
20908
20950
20997
21026
21039
21055
21059
21070
21075
21096
21110
21134
21162
21247
21249
21265
21270
21338
21341
21346
21357
21378
21379
21390
21440
21461
21468
21491
21494
21515
21561
21571
21572
21670
21686
21706
21758
21808
21812
21846
21878
21927
21949
22032
22034
22056
22064
22105
22114
22169
22189
22194
22205
22231
22238
22239
22312
22351
22383
22391
22405
22504
22506
22548
22550
22632
22645
22687
22747
22752
22753
22754
22762
22777
22786
22791
22853
22883
22909
22917
22922
22959
23021
23064
23070
23105
23116
23119
23151
23163
23170
23173
23185
23206
23208
23229
23283
23394
23451
23459
23469
23515
23520
23529
23535
23542
23560
23576
23581
23616
23618
23621
23623
23665
23717
23748
23759
23825
23856
23870
23879
23892
23898
23903
23905
23939
23947
23950
23964
23974
24001
24005
24013
24044
24147
24159
24165
24179
24187
24188
24189
24193
24222
24249
24279
24327
24328
24336
24340
24354
24359
24363
24370
24389
24412
24416
24423
24493
24518
24537
24540
24564
24572
24575
24586
24639
24676
24763
24770
24817
24818
24841
24851
24873
24889
24893
24909
24922
24929
24934
24944
24948
24951
24963
24967
25027
25030
25070
25074
25099
25105
25111
25154
25169
25172
25191
25229
25329
25346
25356
25372
25400
25411
25440
25442
25447
25449
25453
25471
25554
25563
25631
25644
25723
25731
25739
25785
25865
25887
25893
25921
26003
26018
26035
26128
26201
26227
26280
26303
26342
26348
26381
26386
26468
26471
26472
26481
26529
26538
26541
26542
26582
26588
26590
26595
26616
26621
26653
26686
26760
26776
26795
26806
32717
32807
32819
32824
32839
32840
32877
32937
32979
33004
33006
33014
33150
33151
33152
33185
33207
33242
33256
33265
33304
33307
33323
33326
33363
33368
33372
33378
33384
33413
33425
33444
33464
33482
33520
33523
33549
33567
33570
33581
33628
33630
33637
33645
33659
33660
33664
33671
33689
33690
33713
33716
33737
33753
33800
33823
33850
33864
33898
33899
33908
33915
34003
34019
34028
34047
34058
34059
34086
34093
34108
34150
34234
34244
34251
34280
34287
34290
34293
34300
34333
34345
34372
34373
34397
34398
34413
34419
34440
34448
34449
34454
34488
34492
34500
34534
34555
34559
34601
34613
34647
34675
34696
34703
34739
34767
34804
34806
34826
34843
34854
34855
34874
34882
34888
34900
34927
34932
34942
34958
34971
34999
35023
35053
35071
35075
35080
35095
35115
35117
35129
35157
35175
35187
35200
35278
35288
35292
35296
35304
35331
35348
35375
35382
35408
35419
35441
35442
35465
35473
35476
35480
35519
35534
35584
35586
35593
35628
35632
35637
35668
35679
35683
35713
35804
35810
35813
35829
35876
35886
35918
35972
35990
36001
36004
36009
36024
41253
41263
41299
41331
41338
41354
41363
41397
41399
41411
41442
41465
41471
41472
41476
41508
41520
41528
41529
41545
51010
53815
54864
54881
54915
54916
54929
54996
55015
55024
55029
55069
55084
55088
55095
55114
55124
55148
55150
55159
55162
55178
55184
55192
55204
55218
55221
55243
55251
55254
55259
55279
55284
55297
55322
55330
55338
55355
55362
55372
55388
55422
55433
55472
55476
55488
55611
55692
55715
55722
55727
55737
55749
55750
55767
55851
55855
55865
55873
55884
55970
55974
55997
56010
56068
56077
56085
56133
56169
56176
56220
56275
56330
56348
56359
56398
56416
56489
56490
56510
56523
56546
56550
56601
56623
56648
56665
56679
56696
56712
56737
56756
56768
56804
56816
56868
56872
56882
56901
56936
56962
56978
56979
57019
57059
57081
57082
57102
57111
57114
57130
57155
57158
57188
57204
57242
57257
57263
57268
57310
57320
57330
57347
57369
57372
57375
57389
57446
57462
57479
57483
57489
57505
57511
57515
57543
57553
57560
57588
57604
57661
57670
57687
57752
57755
57756
57758
57791
57806
57809
57816
57826
57847
57876
57920
57933
57981
57998
58020
58077
58106
58112
58115
58175
58188
58203
58209
58237
58240
58246
58249
58303
58329
58346
58378
58402
58423
58504
58507
58516
58534
58563
58600
58611
58638
58640
58660
58668
58705
58710
58715
58773
58816
58819
58826
58855
58869
58902
58908
58951
58957
58972
58977
59022
59037
59056
59058
59073
59088
59109
59119
59157
59171
59185
59219
59268
59290
59294
59356
59359
59364
59371
59388
59429
59436
59437
59531
59571
59572
59584
59591
59602
59615
59625
59635
59694
59722
59724
59752
59788
59792
59818
59838
59857
59866
59877
59904
59955
59963
59967
59974
59995
60006
60025
60065
60090
60104
60113
60131
60155
60170
60186
60191
60201
60206
60208
60212
60230
60244
60258
60263
60269
60272
60296
60353
60379
60415
60424
60437
60458
60509
60517
60521
60549
60566
60590
60631
60652
60694
60741
60764
60820
60829
60834
60889
60891
60892
60917
60931
60953
60955
60980
60984
61051
61055
61126
61127
61169
61193
61220
61244
61307
61318
61341
61342
61365
61394
61423
61431
61447
61493
61504
61509
61536
61550
61556
61559
61599
61610
61620
61645
61674
61714
61738
61763
61859
61863
61897
61936
61952
61975
61987
61994
62015
62028
62042
62055
62139
62142
62164
62182
62276
62298
62355
62366
62378
62385
62397
62401
62422
62432
62437
62440
62474
62476
62485
62489
62517
62548
62607
62615
62639
62647
62659
62661
62682
62688
62789
62793
62795
62800
62803
62840
62858
62892
62896
62902
62994
63052
63058
63059
63064
63074
63095
63103
63119
63131
63199
63211
63224
63258
63266
63277
63298
63314
63317
63345
63443
63466
63470
63476
63508
63533
63534
63536
63619
63626
63646
63656
63666
63677
63707
63716
63730
63749
63769
63776
63803
63825
63835
63846
63901
63979
63982
63989
64052
64110
64113
64135
64214
64231
64253
64255
64325
64346
64362
64387
64434
64444
64458
64467
64483
64491
64535
64550
64601
64621
64644
64650
64705
64726
64730
64756
64805
64808
64811
64844
64853
64870
64876
64887
64942
64949
64961
64982
64988
65021
65038
65049
65068
65078
65096
65143
65183
65194
65200
65252
65307
65355
65367
65373
65426
65444
65473
65489
65511
65513
65525
65538
65576
65589
65598
65603
65606
65618
65639
65647
65740
65756
65778
65786
65858
65863
65889
65913
65943
65947
65957
65975
65998
66005
66022
66035
66126
66142
66173
66175
66251
66252
66263
66267
66407
66411
66417
66458
66513
66533
66541
66560
66591
66606
66611
66635
66694
66727
66785
66795
66924
66956
66984
67005
67017
67027
67037
67047
67133
67158
67182
67198
67266
67270
67274
67288
67315
67324
67333
67342
67417
67422
67426
67440
67458
67462
67482
67510
67526
67598
67619
67623
67631
67651
67660
67662
67690
67699
67733
67737
67767
67794
67795
67822
67867
67876
67901
67904
67919
67925
67926
67980
68049
68061
68067
68084
68119
68124
68144
68153
68201
68277
68311
68328
68356
68373
68380
68413
68509
68592
68594
68606
68684
68711
68723
68759
68812
68828
68853
68879
68936
68988
69002
69048
69077
69088
69119
69122
69169
69198
69236
69278
69287
69294
69296
69381
69466
69486
69500
69515
69518
69540
69557
69594
69628
69646
69713
69725
69757
69814
69822
69851
69881
69896
69912
69946
70027
70058
70073
70095
70149
70170
70179
70274
70355
70375
70391
70394
70492
70494
70495
70500
70563
70583
70639
70737
70750
70769
70813
70815
70899
70925
70964
70995
71046
71074
71076
71112
71137
71143
71180
71205
71246
71295
71300
71341
71457
71476
71508
71565
71585
71609
71633
71637
71668
71674
71697
71701
71720
71728
71757
71815
71954
72002
72045
72049
72170
72183
72194
72219
72262
72307
72317
72318
72339
72348
72350
72389
72434
72460
72477
72484
72503
72506
72508
72509
72561
72603
72604
72613
72689
72698
72735
72751
72807
72811
72851
72903
72931
72933
72963
73003
73073
73134
73139
73183
73233
73235
73246
73273
73320
73338
73367
73404
73409
73414
73429
73431
73444
73534
73567
73584
73597
73603
73619
73624
73654
73655
73689
73697
73709
73711
73737
73741
73762
73773
73776
73791
73810
73828
73845
73876
73900
73942
73946
73950
73991
74003
74024
74047
74064
74078
74081
74106
74118
74130
74154
74163
74192
74218
74237
74277
74300
74301
74336
74396
74408
74453
74457
74479
74505
74512
74541
74565
74588
74599
74653
74661
74677
74689
74695
74704
74731
74751
74778
74789
74824
74838
74854
74872
74878
74900
74932
74951
75009
75010
75017
75024
75054
75057
75072
75093
75145
75148
75156
75161
75176
75181
75187
75193
75235
75260
75261
75262
75281
75287
75324
75327
75369
75387
75405
75432
75437
75454
75476
75501
75519
75542
75559
75593
75663
75691
75731
75746
75801
75802
75805
75807
75847
75859
75892
75894
75900
75904
75931
75940
75958
75986
75993
75995
76015
76021
76040
76050
76104
76110
76133
76151
76235
76245
76247
76260
76282
76299
76318
76339
76413
76416
76438
76440
76468
76494
76510
76537
76563
76570
76594
76601
76692
76697
76706
76710
76736
76803
76806
76817
76821
76849
76853
76858
76874
76877
76945
76948
76991
77001
77009
77013
77044
77091
77103
77126
77194
77198
77207
77212
77244
77256
77273
77287
77341
77345
77390
77422
77439
77454
77459
77483
77511
77513
77523
77525
77547
77548
77555
77561
77578
77586
77587
77612
77645
77647
77655
77688
77741
77778
77780
77786
77803
77808
77812
77888
77917
77941
77948
77958
77975
77978
77988
77992
78020
78029
78036
78078
78126
78132
78135
78148
78233
78252
78300
78305
78318
78324
78392
78470
78485
78507
78537
78551
78563
78602
78623
78628
78660
78671
78683
78693
78721
78729
78738
78784
78828
78837
78869
78871
78982
79022
79062
79074
79241
79300
79302
79304
79370
79384
79407
79424
79458
79471
79492
79516
79594
79615
79636
79637
79667
79694
79708
79753
79829
79836
79867
79943
79979
79997
80002
80009
80035
80036
80042
80067
80070
80087
80123
80141
80229
80232
80245
80265
80284
80292
80336
80403
80483
80501
80503
80579
80607
80627
80653
80659
80682
80708
80710
80776
80801
80802
80813
80865
80888
80894
80914
80928
80958
80961
80965
80976
81047
81061
81091
81093
81202
81203
81223
81240
81261
81345
81381
81440
81455
81465
81466
81489
81533
81541
81552
81568
81606
81608
81626
81636
81656
81667
81716
81717
81756
81763
81782
81789
81837
81843
81907
81916
82012
82077
82107
82111
82140
82143
82171
82182
82208
82286
82303
82328
82342
82358
82376
82496
82569
82589
82623
82629
82641
82659
82661
82715
82756
82761
82793
82796
82815
82871
82877
82917
82956
82962
82969
82978
83070
83077
83086
83090
83115
83120
83136
83159
83180
83190
83236
83252
83275
83283
83285
83310
83324
83337
83346
83443
83550
83551
83586
83604
83633
83710
83736
83746
83769
83808
83828
83833
83877
83896
83936
84040
84120
84124
84166
84184
84250
84290
84322
84346
84459
84508
84558
84603
84623
84674
84738
84748
84814
84832
84853
84855
84863
84900
84908
84945
84987
85003
85033
85042
85124
85148
85153
85190
85311
85322
85371
85444
85530
85544
85555
85560
85597
85605
85613
85667
85692
85744
85757
85787
85871
85877
85900
85911
85920
85930
85941
85960
86022
86053
86083
86093
86115
86151
86203
86226
86288
86305
86309
86315
86373
86460
86486
86509
86530
86570
86574
86590
86605
86643
86660
86671
86709
86730
86750
86797
86825
86831
86846
86862
86866
86882
86904
86954
87056
87061
87070
87077
87097
87105
87113
87121
87174
87181
87243
87265
87316
87392
87465
87488
87543
87553
87566
87585
87629
87637
87659
87728
87734
87742
87748
87790
87867
87868
87891
87896
87933
87940
87980
88001
88109
88127
88131
88144
88192
88224
88260
88275
88279
88318
88322
88326
88339
88349
88354
88405
88430
88440
88460
88471
88484
88496
88567
88575
88618
88648
88700
88703
88746
88748
88784
88822
88857
88911
89004
89055
89064
89076
89092
89094
89138
89145
89149
89158
89169
89180
89186
89192
89216
89226
89231
89234
89245
89260
89268
89276
89294
89315
89333
89334
89344
89352
89372
89386
89412
89414
89418
89420
89438
89442
89444
89447
89453
89468
89474
89484
89499
89516
89563
89608
89613
89626
89649
89660
89663
89705
89715
89719
89768
89771
89790
89793
89797
89809
89813
89829
89851
89875
89880
89881
89913
89919
89926
89952
89958
89991
90010
90013
90035
90036
90066
90087
90143
90144
90169
90181
90200
90298
90300
90308
90352
90360
90362
90389
90408
90425
90427
90428
90482
90494
90517
90537
90553
90557
90573
90579
90641
90666
90695
90699
90727
90735
90737
90739
90745
90755
90756
90785
90795
90797
90802
90815
90833
90860
90874
90898
90975
91026
91042
91044
91143
91148
91155
91193
91225
91251
91265
91273
91290
91295
91302
91348
91373
91415
91436
91446
91523
91559
91564
91570
91596
91635
91642
91648
91682
91701
91706
91719
91762
91773
91774
91777
91782
91807
91839
91898
91938
91941
91961
91962
91993
91995
92002
92014
92043
92057
92085
92086
92104
92109
92116
92125
92209
92261
92265
92295
92308
92313
92319
92343
92380
92404
92434
92435
92524
92569
92573
92578
92594
92616
92635
92639
92654
92665
92682
92691
92724
92726
92740
92741
92807
92832
92847
92865
92913
92915
92922
92933
92953
92980
92981
92994
93113
93130
93159
93173
93189
93191
93219
93229
93293
93294
93296
93315
93356
93358
93362
93402
93457
93473
93481
93497
93507
93562
93570
93571
93601
93626
93664
93678
93723
93756
93774
93778
93801
93835
93838
93856
93884
93898
93899
93911
93925
93931
93942
93985
94011
94016
94018
94020
94079
94095
94098
94108
94136
94146
94148
94154
94164
94172
94184
94187
94194
94201
94204
94260
94321
94329
94336
94398
94421
94445
94447
94470
94497
94523
94525
94540
94582
94610
94616
94621
94644
94691
94707
94720
94735
94741
94764
94837
94884
94888
94897
94901
94948
94974
94980
94981
95075
95218
95255
95257
95529
95545
95559
95648
95712
95742
95752
95764
95787
95806
95817
95852
95892
96010
96043
96070
96136
96184
96273
96293
96389
96391
96400
96411
96523
96554
96661
96691
96741
96764
96775
96843
96881
96885
96928
96929
97003
97007
97008
97010
97071
97094
97098
97103
97148
97150
97154
97160
97200
97217
97221
97234
97279
97286
97315
97316
97331
97363
97391
97407
97413
97424
97433
97449
97472
97474
97497
97514
97528
97532
97546
97548
97566
97576
97593
97612
97640
97651
97655
97658
97664
97683
97698
97709
97735
97740
97744
97758
97775
97784
97786
97792
97798
97813
97820
97885
97936
97937
97939
97944
97948
97960
97961
97962
97978
97988
98013
98016
98029
98041
98049
98058
98076
98080
98138
98147
98157
98165
98173
98174
98187
98194
98202
98207
98228
98238
98254
98262
98296
98299
98310
98317
98323
98338
98352
98393
98418
98421
98422
98433
98491
98492
98498
98533
98546
98589
98596
98601
98647
98657
98659
98673
98689
98700
98729
98730
98763
98783
98786
98791
98837
98842
98848
98850
98869
98875
98912
98916
98929
98931
98943
98954
98994
99032
99045
99055
99068
99097
99107
99108
99128
99132
99157
99196
99201
99217
99225
99254
99288
99300
99308
99309
99325
99328
99377
99381
99429
99433
99445
99455
99469
99489
99505
99508
99528
99533
99542
99563
99586
99589
99610
99628
99652
99676
99677
99682
99729
99732
99734
99741
99773
99783
99813
99814
99848
99851
99866
99869
99885
99888
99890
99904
99923
99959
99972
99975
99980
99993
100010
100014
100038
100052
100091
100099
100143
100162
100184
100255
100265
100303
100313
100315
100334
100347
100350
100354
100360
100370
100419
100423
100438
100443
100452
100487
100507
100520
100533
100543
100579
100585
100612
100614
100623
100629
100647
100660
100680
100682
100697
100716
100779
100784
100789
100815
100825
100847
100852
100861
100875
100877
100899
100910
100957
100998
100999
101000
101011
101015
101021
101041
101082
101093
101095
101121
101129
101131
101139
101143
101152
101158
101165
101191
101241
101249
101253
101255
101294
101305
101315
101320
101333
101338
101351
101371
101397
101410
101430
101432
101439
101447
101449
101455
101457
101469
101494
101504
101521
101522
101538
101539
101554
101562
101573
101587
101602
101606
101628
101635
101647
101665
101684
101690
101704
101707
101714
101742
101767
101791
101804
101819
101838
101841
101845
101853
101878
101880
101882
101893
101933
101936
101939
101940
101967
101968
101974
101982
101986
101988
102008
102014
102041
102052
102059
102090
102139
102147
102153
102165
102181
102190
102211
102218
102274
102279
102280
102282
102338
102375
102407
102417
102430
102443
102461
102490
102545
102548
102549
102559
102576
102583
102590
102608
102624
102633
102665
102667
102699
102700
102707
102712
102735
102754
102762
102763
102778
102798
102813
102832
102852
102866
102867
102887
102941
102956
102957
102990
103009
103015
103028
103076
103105
103109
103126
103134
103150
103152
103154
103175
103232
103247
103253
103261
103270
103272
103277
103285
103303
103317
103319
103323
103336
103346
103391
103398
103427
103430
103432
103441
103494
103512
103527
103531
103553
103562
103563
103586
103617
103620
103649
103652
103662
103664
103669
103675
103697
103716
103717
103738
103755
103765
103784
103788
103810
103815
103819
103827
103842
103880
103888
103916
103945
103971
103975
103981
104001
104013
104033
104034
104049
104050
104059
104077
104084
104091
104104
104109
104138
104151
104171
104178
104190
104204
104211
104214
104233
104234
104236
104278
104333
104354
104361
104392
104423
104426
104446
104453
104460
104463
104468
104470
104486
104487
104507
104535
104538
104542
104558
104559
104624
104631
104639
104646
104650
104653
104664
104737
104793
104803
104804
104822
104870
104871
104872
104873
104904
104921
104934
104949
104978
104982
104991
105007
105023
105032
105033
105039
105042
105044
105065
105068
105079
105101
105148
105213
105244
105246
105271
105272
105303
105308
105310
105311
105356
105359
105361
105367
105378
105381
105386
105391
105402
105405
105415
105417
105442
105459
105478
105479
105500
105515
105536
105539
105544
105547
105550
105569
105609
105618
105626
105635
105661
105684
105685
105686
105719
105720
105726
105737
105763
105788
105797
105811
105814
105816
105819
105829
105834
105838
105841
105855
105889
105912
105924
105929
105933
105962
105996
105998
106052
106055
106084
106100
106117
106122
106126
106130
106161
106179
106203
106206
106228
106245
106249
106298
106318
106322
106335
106344
106354
106355
106367
106382
106393
106397
106428
106456
106469
106472
106498
106503
106509
106512
106520
106522
106525
106527
106530
106533
106549
106608
106642
106643
106654
106669
106670
106679
106704
106739
106761
106774
106777
106788
106822
106823
106950
106960
106966
106972
107073
107085
107106
107125
107149
107176
107200
107233
107243
107262
107317
107323
107334
107359
107370
107374
107420
107425
107428
107435
107466
107492
107496
107503
107566
107624
107634
107659
107687
107688
107696
107706
107721
107732
107735
107744
107763
107768
107776
107778
107799
107853
107896
107906
107988
108015
108043
108071
108117
108160
108188
108189
108206
108290
108364
108365
108373
108378
108379
108381
108434
108440
108445
108449
108469
108491
108493
108505
108515
108550
108552
108565
108575
108601
108623
108626
108719
108724
108730
108760
108779
108784
108799
108810
108818
108828
108834
108845
108914
108938
108942
108943
108952
108963
108965
108975
109011
109012
109017
109043
109050
109067
109080
109084
109095
109120
109138
109139
109161
109189
109204
109217
109291
109298
109309
109312
109366
109374
109384
109385
109440
109459
109478
109510
109556
109573
109583
109584
109608
109618
109619
109621
109630
109651
109663
109667
109696
109697
109699
109729
109753
109754
109759
109766
109793
109796
109799
109801
109841
109849
109871
109888
109911
109916
109934
109965
110019
110025
110057
110071
110116
110120
110136
110137
110170
110190
110196
110231
110245
110308
110330
110346
110352
110359
110389
110405
110410
110423
110515
110529
110639
110648
110679
110701
110718
110736
110745
110760
110768
110785
110807
110814
110831
110834
110863
110905
110921
111019
111058
111086
111138
111154
111164
111170
111208
111224
111245
111265
111342
111349
111361
111378
111399
111409
111420
111448
111477
111493
111497
111500
111554
111563
111591
111605
111620
111629
111654
111675
111755
111799
111813
111815
111873
111891
111893
111917
111932
111941
111943
111959
112028
112074
112090
112112
112154
112205
112207
112245
112306
112336
112350
112352
112402
112419
112434
112458
112478
112514
112545
112548
112567
112590
112643
112652
112670
112671
112684
112685
112717
112728
112730
112759
112796
112808
112824
112865
112881
112882
112901
112909
112943
112954
112978
113009
113050
113074
113135
113149
113209
113214
113216
113220
113237
113258
113284
113300
113333
113353
113356
113400
113414
113441
113452
113489
113504
113542
113550
113563
113578
113601
113630
113644
113692
113702
113749
113754
113772
113781
113789
113803
113808
113845
113849
113867
113878
113884
113886
113894
113921
113922
113930
113937
113953
113955
113958
114011
114030
114040
114048
114050
114072
114093
114104
114203
114238
114291
114294
114295
114334
114336
114337
114338
114376
114402
114405
114408
114438
114486
114563
114568
114585
114596
114615
114623
114689
114704
114708
114710
114727
114732
114765
114784
114908
114932
114975
114977
115035
115062
115118
115134
115172
115176
115179
115187
115191
115209
115238
115255
115315
115328
115371
115374
115380
115383
115398
115416
115431
115451
115453
115458
115513
115524
115554
115560
115568
115580
115593
115604
115615
115628
115659
115715
115763
115806
115818
115825
115896
115922
115941
115962
115985
115989
116033
116036
116056
116103
116166
116200
116222
116245
116260
116282
116290
116303
116328
116356
116384
116403
116408
116465
116499
116518
116526
116531
116548
116601
116625
116626
116641
116647
116703
116705
116717
116725
116734
116738
116741
116753
116769
116770
116812
116815
116822
116855
116861
116878
116883
116885
116887
116935
116937
116947
116967
116971
116977
117004
117033
117038
117039
117051
117091
117093
117094
117125
117173
117177
117181
117198
117235
117237
117254
117257
117266
117269
117274
117276
117311
117315
117319
117331
117351
117357
117359
117362
117385
117403
117434
117485
117508
117529
117538
117613
117618
117640
117673
117675
117708
117713
117715
117729
117803
117832
117867
117916
117960
118013
118014
118028
118065
118095
118146
118151
118163
118172
118180
118194
118215
118230
118289
118335
118371
118373
118411
118412
118463
118464
118470
118495
118508
118509
118510
118511
118513
118514
118515
118516
